E = 5
dt = 0.071002620992903

E = 6
dt = 0.131686452972048

E = 9
dt = 0.275854204789202

E = 14
dt = 0.576619288501266

