E = 5
dt = 0.124073040961843

E = 7
dt = 0.239075608339584

E = 11
dt = 0.471795387752648

E = 19
dt = 0.931203939808095
