E = 10
dt = 0.114264521823946

E = 16
dt = 0.210673932661143
