E = 6
dtFree = 0.229876547120512
dt = 0.195470538695075

E = 10
dtFree = 0.450701902620494
dt = 0.408382748209744

E = 16
dtFree = 0.786338649690151
dt = 0.758967966875930
