E = 5
dt = 1.903376657756982

E = 6
dt = 4.193051230433207

E = 8
dt = 9.112135388925562

E = 13
dt = 19.996623588294952
